[[1, 1, 1, 0, 0, 0, 0], [0, 0, 0, 0, 1, 1, 0], [1, 1, 1, 0, 0, 0, 0], [1, 1, 1, 0, 0, 0, 0], [1, 1, 0, 0, 0, 0, 0], [1, 0, 0, 0, 0, 0, 1], [1, 1, 1, 0, 0, 0, 0], [1, 1, 1, 1, 1, 1, 1], [1, 0, 0, 0, 1, 1, 1], [0, 0, 0, 0, 0, 0, 0], [0, 0, 0, 0, 0, 0, 0], [0, 0, 0, 0, 1, 1, 1]]
[[0, 0, 0, 0, 0, 0, 0], [0, 0, 0, 0, 1, 1, 0], [1, 1, 1, 0, 0, 0, 0], [1, 1, 1, 0, 0, 0, 0], [1, 1, 0, 0, 0, 0, 0], [1, 0, 0, 0, 0, 0, 1], [1, 1, 1, 0, 0, 0, 0], [1, 1, 1, 1, 1, 1, 1], [1, 0, 0, 0, 1, 1, 1], [0, 0, 0, 0, 0, 0, 0], [0, 0, 0, 0, 0, 0, 0], [0, 0, 0, 0, 1, 1, 1]]
[[0, 0, 0, 0, 0, 0, 0], [0, 0, 0, 0, 0, 0, 0], [1, 1, 1, 0, 0, 0, 0], [1, 1, 1, 0, 0, 0, 0], [1, 1, 0, 0, 0, 0, 0], [1, 0, 0, 0, 0, 0, 1], [1, 1, 1, 0, 0, 0, 0], [1, 1, 1, 1, 1, 1, 1], [1, 0, 0, 0, 1, 1, 1], [0, 0, 0, 0, 0, 0, 0], [0, 0, 0, 0, 0, 0, 0], [0, 0, 0, 0, 1, 1, 1]]
[[0, 0, 0, 0, 0, 0, 0], [0, 0, 0, 0, 0, 0, 0], [1, 1, 1, 0, 0, 0, 0], [1, 1, 1, 0, 0, 0, 0], [1, 1, 0, 0, 0, 0, 0], [1, 0, 0, 0, 0, 0, 1], [1, 1, 1, 0, 0, 0, 0], [1, 1, 1, 1, 1, 1, 1], [1, 0, 0, 0, 1, 1, 1], [0, 0, 0, 0, 0, 0, 0], [0, 0, 0, 0, 0, 0, 0], [0, 0, 0, 0, 1, 1, 1]]
[[0, 0, 0, 0, 0, 0, 0], [0, 0, 0, 0, 0, 0, 0], [1, 1, 1, 0, 0, 0, 0], [1, 1, 1, 0, 0, 0, 0], [1, 1, 0, 0, 0, 0, 0], [1, 0, 0, 0, 0, 0, 1], [1, 1, 1, 0, 0, 0, 0], [1, 1, 1, 1, 1, 1, 1], [1, 0, 0, 0, 1, 1, 1], [0, 0, 0, 0, 0, 0, 0], [0, 0, 0, 0, 0, 0, 0], [0, 0, 0, 0, 1, 1, 1]]
[[0, 0, 0, 0, 0, 0, 0], [0, 0, 0, 0, 0, 0, 0], [1, 1, 1, 0, 0, 0, 0], [1, 1, 1, 0, 0, 0, 0], [1, 1, 0, 0, 0, 0, 0], [1, 0, 0, 0, 0, 0, 1], [1, 1, 1, 0, 0, 0, 0], [1, 1, 1, 1, 1, 1, 1], [1, 0, 0, 0, 1, 1, 1], [0, 0, 0, 0, 0, 0, 0], [0, 0, 0, 0, 0, 0, 0], [0, 0, 0, 0, 1, 1, 1]]

Turma 0 -> Sala 0
Alocado
Total de Salas: 6
Total de Turmas: 12
Turmas Alocadas: 1
Espaços Livres: 5
